SRR13258790.179192	CP135021.1	323	322	1	322	1.07e-161	584	1470492
SRR13258790.781047	CP135021.1	227	230	1	227	3.64e-105	396	1470492
SRR13258790.101904	CP135021.1	317	316	1	316	3.81e-151	549	1470492
SRR13258790.370473	CP135021.1	219	219	1	219	3.45e-100	379	1470492
SRR13258790.279146	CP135018.1	264	264	1	264	8.94e-127	468	1470492
SRR13258790.555039	CP135021.1	225	225	1	225	2.72e-111	416	1470492
SRR13258790.569286	CP135021.1	236	235	1	235	1.71e-113	424	1470492
SRR13258790.140759	OU899036.1	180	214	42	214	4.63e-54	226	80765
SRR13258790.140759	OU899036.1	39	214	1	39	2.97e-06	67.6	80765
SRR13258790.778403	OU899034.1	376	366	1	366	7.42e-159	575	80765
SRR13258790.35090	XM_061014796.1	361	361	1	361	1.63e-135	497	44670
SRR13258790.382929	CP135021.1	365	365	1	365	0.0	669	1470492
SRR13258790.179376	CP135018.1	301	301	1	301	1.00e-151	551	1470492
SRR13258790.389361	CP135018.1	247	247	1	247	8.33e-122	451	1470492
SRR13258790.243339	CP135021.1	257	257	1	257	2.41e-127	470	1470492
SRR13258790.618544	CP135021.1	257	257	1	256	4.03e-125	462	1470492
SRR13258790.445843	CP135021.1	223	223	1	223	3.48e-110	412	1470492
SRR13258790.567202	CP135021.1	204	203	1	203	1.90e-97	370	1470492
SRR13258790.95720	CP135021.1	210	210	1	210	2.54e-101	383	1470492
